ng segment for CellId: 2393
edge1: 0, edge2: 3
f_values: 3.212810 3.006220 2.566590 3.006750
bbox: x1: 6.734690, x2: 7.142860, y1: 9.591840, y2: 10.000000
line: (6.759999, 9.591840) -> (6.734690, 9.991909)

Drawing segment for CellId: 2393
edge1: 0, edge2: 3
f_values: 3.212810 3.006220 3.006750 2.566590
bbox: x1: 6.734690, x2: 7.142860, y1: 9.591840, y2: 10.000000
line: (6.759999, 9.591840) -> (6.734690, 9.991909)

Drawing segment for CellId: 2393
edge1: 0, edge2: 3
f_values: 3.212810 3.006220 3.006750 2.566590
bbox: x1: 6.734690, x2: 7.142860, y1: 9.591840, y2: 10.000000
line: (6.759999, 9.591840) -> (6.734690, 9.599931)
